title,publish_time,like_count,comment_count,media_name,source,abstract,article_url,tag,is_yaowen,article_sub_type,has_video
[视频]中共中央举行纪念乔石同志诞辰100周年座谈会 习近平发表重要讲话,2024-12-16 11:59,4264,1415,国际在线,国际在线,央视网消息（新闻联播）：中共中央16日上午在人民大会堂举行座谈会，纪念乔石同志诞辰100周年。,https://news.cri.cn/toutiaopic/600d2e67-7692-2192-43d6-ef061de953ae.html,,0,0,False
情满濠江丨特殊的“桥梁”,2024-12-15 23:14,725,300,央视新闻,央视新闻,罗沛婷的家族一百多年前来到澳门，她的曾祖父于1916年成立了一家洋行，在葡萄牙和内地之间做产品的进出口生意。近年来，随着中国和葡语国家交往日益密切，作为第四代接班人的罗沛婷，正面对一个崭新的天地。,https://content-static.cctvnews.cctv.com/snow-book/index.html?item_id=15247686177286788069&source=50006&sub_source=50006_001,,0,1,False
冬季骑行西藏，害怕有狼借宿废弃小屋，还有柴火炉可以取暖做饭吃,2024-12-16 03:59,21622,3562,刘伟元的旅行,刘伟元的旅行,,https://toutiao.com/group/7448551716082942505/,,0,0,True
台湾又拍大尺度！ 太羞耻了，注定只能网盘见,2024-12-10 09:40,3288,171,禾芷解说,禾芷解说,深度解说台湾电影《亲爱的杀手》,https://toutiao.com/group/7446671812101931572/,,0,0,True
中央定调！2025年养老金迎来新调整，退休新规实施，还有个好消息,2024-12-14 00:24,6364,547,思之想之,思之想之,2025年马上就要来了，这是一个充满变化的关键的年份，这是十四五规划的最后一年，很多政策将会兑现。2025年，除了养老金继续用来调整之外，退休新规也将会正式实施，还有一个好消息，具体是什么呢?,https://toutiao.com/group/7448052182332473867/,,0,0,False
真没想到！这四类人不属于公务员，甚至连编制都没有,2024-10-26 03:31,1614,164,青衫书生,青衫书生,本以为这些是正式编制工作！“宇宙的尽头是考公”，这句网络流行语，道出了当下年轻人对“铁饭碗”的渴望。公务员是多少人梦寐以求的工作，甚至也可以说相当于一个养老工作。然而，在现实生活中，人们对公务员身份的认知，却存在着不少误区。,https://toutiao.com/group/7429913474316239423/,,0,0,False
河南警察3岁女儿被拐，苦寻全国23年无果，结果却发现女儿在对门,2024-11-05 07:43,4381,498,八号探秘人,八号探秘人,寻亲23年无果，丢失的女儿竟住在对门?但它却真实发生在河南洛阳的梁绍波身上。是意外走丢，还是人贩子所为，三岁的女儿怎会离奇失踪?,https://toutiao.com/group/7433697108120142345/,,0,0,False
3位忽悠人的“成功学大师”，个个吹牛不打草稿，瞎话是张口就来,2024-12-16 02:49,407,145,八号探秘人,八号探秘人,站在聚光灯下，吹吹牛即可咸鱼翻身，摇身一变腰缠万贯的富豪。这三位“成功学大师”一张嘴，死的都能说成活的，一张白纸能卖上万元。,https://toutiao.com/group/7447784379289551398/,,0,0,False
8年前，那个3岁识三千字、6岁夺央视冠军的神童王恒屹，如今怎样,2024-12-16 02:58,1678,191,昕昕局,昕昕局,本文陈述所有内容皆有可靠信息来源，赘述在文章结尾文 | 昕昕●—≺ 前 言 ≻—●神童是最少见也最常见的存在，因为只要有神童出现，各种节目就会邀请他们展现自己的能力，曾经就有一位来自山东的神童，让全国为之震动。年仅3岁，他已识千字；6岁时，他更是技压群雄，摘得桂冠。,https://toutiao.com/group/7448837570743779840/,,0,0,False
多次删减，这部满是禁忌的国产片，能上映真不容易！,2024-12-13 09:58,2818,144,越哥说电影,越哥说电影,,https://toutiao.com/group/7447833700995170856/,,0,0,True
女友怀孕了，男友不装了，带她回豪宅！,2024-11-23 08:01,15100,1153,乐视大综艺咖,乐视大综艺咖,,https://toutiao.com/group/7440353629540483593/,,0,0,True
遍地开花的俄罗斯商品馆，打着进口旗号卖国货？加盟总部称80%系进口，火腿列巴等产自东北,2024-12-11 00:32,2696,1240,看看新闻,看看新闻,遍地开花的俄罗斯商品馆，打着进口旗号卖国货？加盟总部称80%系进口，火腿列巴等产自东北,http://mediaplay.kksmg.com/2024/12/11/h264_720p_600k_78163-smgnews-20241211065500-9000-960313-600k_mp4.mp4,,0,0,True
韩东勋宣布辞职，5分钟记者会的措辞透露了什么？丨凤凰记者连线,2024-12-16 02:51,2565,131,凤凰卫视,凤凰卫视,,https://toutiao.com/group/7448836793271353896/,,0,0,True
新能源车会淘汰燃油车吗？,2024-12-12 10:09,4931,1285,韩秀云讲经济,韩秀云讲经济,,https://toutiao.com/group/7447465366185312820/,,0,0,True
明确了！2025年养老金实现双增长，还有两个好消息，同样值得看看,2024-12-16 00:08,681,128,社保当家,社保当家,明确了！2025年养老金实现双增长，还有两个好消息，同样值得看看2025年就要跟我们见面了，关于养老金的好消息也接踵而至，其中让人感到惊喜的，无疑是中央经济工作会议明确了2025年将继续提高养老金，而且还是同时提高职工养老金和城乡居民养老金，也就是实现双增长。,https://toutiao.com/group/7448518245453218354/,,0,0,False
弟弟光荣退伍，姐姐兴奋去车站接他，怎料一见弟弟瞬间哭了,2024-11-05 06:34,36162,3120,乐视天天剧好看,乐视天天剧好看,,https://toutiao.com/group/7433679820573934091/,,0,0,True
罕见！100年前，英国游客拍下的清朝乡村，和想象中完全不一样,2024-09-20 02:07,9124,794,万物知识局,万物知识局,泥泞的土路，衣不蔽体的老百姓，即便是达官显贵的家中也十分破败，而这些都是清王朝的历史痕迹，虽说那时候中国摄影技术并不发达，但也有许多外国游客来到这里，拍摄下了许多老照片，为我们留下了珍贵的历史资料，那清朝到底是怎样的面貌呢?,https://toutiao.com/group/7416287738871267855/,,0,0,False
曹德旺预言：2025年，没有买房的人，五年后是失败者还是幸运儿？,2024-12-16 05:57,2555,1031,议史纪,议史纪,其实早在多年前年，“玻璃大王”曹德旺就曾预言:“房地产将成为有钱人击鼓传花的游戏”，房子就是钢筋混凝土，是不会保值的?,https://toutiao.com/group/7448883228297003539/,,0,0,False
67岁执意生娃，如今却坐轮椅无法自理，5岁的天赐被迫独立学洗衣,2024-11-04 10:32,9172,2076,睿之悦,睿之悦,2019年，已经67岁的田新菊执意生下了自己的第三个孩子小天赐。那么，现如今5年的时间过去了，这“天赐”的礼物到底是福还是祸呢?,https://toutiao.com/group/7433367394946384435/,,0,0,False
第10个拥核国家诞生，欧洲集体失声，美国束手无策，已成美军禁区,2024-12-12 07:42,3037,455,东方点兵,东方点兵,白俄罗斯正式官宣拥有核武器，抗衡北约威胁，第10个拥核国家诞生，欧洲集体失声，白俄罗斯已成美军禁区。,https://toutiao.com/group/7447426068287357477/,,0,0,False
